172 18
232 25
280 28
272 26
312 31
152 15
220 21
104 9
38 4
0 0
0 0
0 0
0 0
0 0
128 13
282 29
150 14
0 0
0 0
48 5
0 0
0 0
22 2
186 19
26 2
72 7
58 6
80 8
154 15
76 8
46 5
46 4
58 6
202 21
48 5
138 13
248 24
114 11
114 13
0 0
0 0
0 0
0 0
134 15
94 10
0 0
0 0
204 19
130 12
0 0
0 0
52 5
46 5
54 6
18 2
20 2
36 3
24 2
24 2
14 2
14 2
20 2
28 3
96 9
0 0
22 2
72 7
60 6
22 2
0 0
0 0
0 0
0 0
0 0
84 8
72 8
50 5
0 0
0 0
130 14
306 34
74 7
12 1
0 0
48 5
90 9
100 9
46 4
136 13
94 9
74 7
34 3
350 36
94 9
316 32
264 26
70 8
186 19
174 17
242 26
136 14
182 17
